time=2024-01-01,open=1.00160000000000000000,high=1.8108,low=1.0016,close=1.81080000000000000000,volume=2710102
time=2024-01-01,open=1.00160000000000000000,high=1.8108,low=1.0016,close=1.81080000000000000000,volume=2710102